1.00 1.00 0.54 0.51 0.22 -0.24 -0.13 -0.26 0.38 -0.35 -0.42 -0.45 -0.43 -0.43 -0.18 -0.27 -0.26 -0.33 -0.32
1.00 1.00 0.54 0.51 0.22 -0.24 -0.13 -0.26 0.38 -0.35 -0.42 -0.45 -0.43 -0.43 -0.18 -0.27 -0.26 -0.33 -0.32
0.54 0.54 1.00 0.22 0.37 -0.48 -0.32 -0.53 0.17 -0.52 0.01 -0.16 -0.12 -0.12 -0.54 -0.32 -0.33 -0.32 -0.33
0.51 0.51 0.22 1.00 0.01 -0.34 -0.08 -0.33 0.85 -0.56 -0.45 -0.54 -0.53 -0.53 -0.30 -0.06 -0.05 -0.14 -0.13
0.22 0.22 0.37 0.01 1.00 -0.92 -0.13 -0.85 -0.05 -0.74 -0.24 -0.48 -0.44 -0.44 -0.28 -0.80 -0.79 -0.78 -0.77
-0.24 -0.24 -0.48 -0.34 -0.92 1.00 0.18 0.94 -0.25 0.91 0.28 0.57 0.53 0.52 0.44 0.73 0.73 0.73 0.73
-0.13 -0.13 -0.32 -0.08 -0.13 0.18 1.00 0.50 0.04 0.43 0.05 0.22 0.21 0.21 0.21 0.10 0.10 0.11 0.12
-0.26 -0.26 -0.53 -0.33 -0.85 0.94 0.50 1.00 -0.21 0.95 0.27 0.57 0.53 0.53 0.46 0.68 0.67 0.68 0.68
0.38 0.38 0.17 0.85 -0.05 -0.25 0.04 -0.21 1.00 -0.50 -0.12 -0.23 -0.21 -0.21 -0.09 0.02 0.03 -0.04 -0.03
-0.35 -0.35 -0.52 -0.56 -0.74 0.91 0.43 0.95 -0.50 1.00 0.28 0.58 0.54 0.53 0.44 0.59 0.59 0.61 0.61
-0.42 -0.42 0.01 -0.45 -0.24 0.28 0.05 0.27 -0.12 0.28 1.00 0.93 0.95 0.95 0.29 0.46 0.45 0.54 0.54
-0.45 -0.45 -0.16 -0.54 -0.48 0.57 0.22 0.57 -0.23 0.58 0.93 1.00 1.00 1.00 0.36 0.61 0.61 0.69 0.69
-0.43 -0.43 -0.12 -0.53 -0.44 0.53 0.21 0.53 -0.21 0.54 0.95 1.00 1.00 1.00 0.35 0.58 0.57 0.65 0.65
-0.43 -0.43 -0.12 -0.53 -0.44 0.52 0.21 0.53 -0.21 0.53 0.95 1.00 1.00 1.00 0.34 0.57 0.57 0.65 0.65
-0.18 -0.18 -0.54 -0.30 -0.28 0.44 0.21 0.46 -0.09 0.44 0.29 0.36 0.35 0.34 1.00 0.26 0.29 0.28 0.30
-0.27 -0.27 -0.32 -0.06 -0.80 0.73 0.10 0.68 0.02 0.59 0.46 0.61 0.58 0.57 0.26 1.00 1.00 0.98 0.97
-0.26 -0.26 -0.33 -0.05 -0.79 0.73 0.10 0.67 0.03 0.59 0.45 0.61 0.57 0.57 0.29 1.00 1.00 0.97 0.98
-0.33 -0.33 -0.32 -0.14 -0.78 0.73 0.11 0.68 -0.04 0.61 0.54 0.69 0.65 0.65 0.28 0.98 0.97 1.00 0.99
-0.32 -0.32 -0.33 -0.13 -0.77 0.73 0.12 0.68 -0.03 0.61 0.54 0.69 0.65 0.65 0.30 0.97 0.98 0.99 1.00
